101 18
102 22
103 24
104 28
105 20
106 31
107 36
108 44
109 39
110 55
111 26
112 30
113 27
114 35
115 58
116 23
117 41
118 50
119 25
120 29
121 34
122 28
123 21
124 49
125 42
126 52
127 38
128 36
129 64
130 47
131 43
132 19
133 33
134 46
135 62
136 17
137 16
138 21
139 18
140 20
141 24
142 26
143 23
144 17
145 25
146 19
147 32
148 40
149 37
150 22
151 30
152 34
153 45
154 42
155 53
156 47
157 41
158 57
159 44
160 38
161 20
162 18
163 39
164 48
165 43
166 46
167 45
168 40
169 37
170 28
171 31
172 35
173 33
174 26
175 54
176 51
177 56
178 45
179 50
180 34
181 32
182 36
183 39
184 31
185 48
186 44
187 22
188 27
189 15
190 29
191 27
192 21
193 24
194 16
195 18
196 30
197 23
198 42
199 28
200 33
